15 0.636243 0.078042 0.146825 0.144180
15 0.544974 0.207672 0.133598 0.115079
15 0.570767 0.335317 0.134921 0.092593
15 0.450397 0.380952 0.108466 0.117725
15 0.271164 0.488757 0.130952 0.126984
15 0.439153 0.518519 0.117725 0.120370
15 0.821429 0.251984 0.138889 0.103175
15 0.795635 0.367725 0.140212 0.109788
15 0.721561 0.461640 0.132275 0.109788
15 0.560185 0.586640 0.105820 0.116402
15 0.707011 0.629630 0.103175 0.117725
15 0.812169 0.605159 0.117725 0.126984
15 0.934854 0.538360 0.130291 0.117725
15 0.804894 0.756614 0.119048 0.104497
15 0.734127 0.925926 0.170635 0.125661
