15 0.434524 0.077381 0.119048 0.124339
15 0.434524 0.080026 0.129630 0.124339
15 0.715608 0.070106 0.130952 0.120370
15 0.473545 0.197751 0.130952 0.119048
15 0.365079 0.260582 0.133598 0.115079
15 0.707011 0.191138 0.129630 0.119048
15 0.222222 0.408730 0.120370 0.123016
15 0.386905 0.405423 0.100529 0.105820
15 0.515212 0.449735 0.108466 0.101852
15 0.663360 0.462963 0.082011 0.120370
15 0.775132 0.420635 0.104497 0.120370
15 0.880291 0.334656 0.113757 0.104497
15 0.366402 0.626323 0.133598 0.126984
15 0.793651 0.572751 0.128307 0.112434
15 0.746693 0.747354 0.140212 0.125661
